# Created by Octave 5.1.0, Wed Jul 31 23:48:36 2019 GMT <unknown@LAPTOP-7Q6T47HC>
# name: numtest
# type: scalar
0


# name: A1
# type: matrix
# rows: 4
# columns: 4
 0.50305501632185623 0.65198709204107397 0.83675793130753495 0.056806007792751509
 0.3308657431675795 0.79159795227683205 0.36181688619092017 0.1662601813614823
 0.1723404237245057 0.75866477763049378 0.18258123871031212 0.017461954501830679
 0.36126778355110872 0.29152676079970657 0.79477992056865454 0.17636565524717468


# name: B1
# type: complex matrix
# rows: 4
# columns: 4
 (29.510694709944428,-49.806059228279004) (5.231467834203114,-10.00876105484322) (-12.607938239656033,19.990706968882037) (-24.963440570267583,42.087282344392115)
 (-7.4420924154796282,77.836807594519584) (-2.4232276796228618,5.4259738300026363) (3.3022419131217866,-23.794263625276649) (5.1552570132952482,-65.743528030750937)
 (-10.88285971783549,82.229493412674032) (-0.44599990531993861,8.32926930238553) (1.980847789067866,-27.438184131167915) (9.1351270372376909,-69.065829102608575)
 (11.499827945071409,6.013563202380011) (3.4216861139519059,-2.4509393348744526) (-6.5442169454320354,0.0738414977249926) (-9.5611138320717508,-4.7186119614278788)


# name: S1
# type: complex matrix
# rows: 4
# columns: 4
 (-0.36645776145726328,2.0687090130909178) (0.39114026668818103,4.6663806548776972) (-0.81884642655918372,-4.3852905653191696) (1.1348804802526924,-1.3311320584516853)
 (-6.8201057570574699,4.4183910621569176) (-1.5478243701991352,3.8137422482994796) (2.4900172333881887,-3.6319224623853743) (5.9555412520054123,-3.6851215659182874)
 (-6.6345520022621729,4.9191196485884685) (-1.505643863557472,5.6487706185607189) (2.3353885842768856,-5.401019721440754) (5.8901518767368977,-3.9620392966123883)
 (-2.2505783475330929,2.260007685790101) (0.44087724905646375,3.9176253781794554) (-0.35154910729882255,-3.9273072297153977) (2.778893547379512,-1.481431539949644)


# name: numtest
# type: scalar
1


# name: A2
# type: complex matrix
# rows: 4
# columns: 4
 (83.875446303346308,83.875446303346308) (52.169600287637607,52.169600287637607) (54.05826722076911,54.05826722076911) (78.289542080400551,78.289542080400551)
 (31.276191123665381,31.276191123665381) (34.942832325557575,34.942832325557575) (41.76536649528618,41.76536649528618) (26.528933626304635,26.528933626304635)
 (2.6269361010034231,2.6269361010034231) (78.409112125950912,78.409112125950912) (74.923414137704142,74.923414137704142) (54.767345969195432,54.767345969195432)
 (85.159279901955173,85.159279901955173) (34.78992470266266,34.78992470266266) (63.791354391958308,63.791354391958308) (96.954205536025782,96.954205536025782)


# name: B2
# type: complex matrix
# rows: 4
# columns: 4
 (-9817.7540796445228,1678.272113157806) (7428.9173647706302,-2127.8976702820314) (916.7241642522506,218.97256160134941) (-1981.6192146345536,615.52196028982132)
 (-4693.7038420767913,778.34432287339678) (3550.1941447345539,-1024.4908109130772) (419.04804494068867,123.02204582290852) (-940.47044401954236,301.02128256840876)
 (-7060.5458951916189,1144.7977201825224) (5313.0851343757295,-1553.0082612617159) (618.05846003260422,213.88494815431881) (-1389.1271966699405,439.51746966244292)
 (-10725.387871976352,1872.9255790447678) (8164.2502749738051,-2279.2144558349933) (994.19252870966909,207.49469187400069) (-2193.2913420696664,645.82135040499793)


# name: S2
# type: complex matrix
# rows: 4
# columns: 4
 (4.7786518709889787,-1.0279061609821782) (-2.7569224434045632,1.105490376175583) (-0.75536099790950673,-0.68668315630445631) (0.40505036170699049,0.15430547643412465)
 (3.3949537695531786,-0.76225997028116321) (-1.0850045842873239,0.74793035068504476) (-0.71362877728755569,-0.93334084179449339) (-0.3964407465432655,0.70558806782558303)
 (4.9717630574683138,-0.3166272014729552) (-3.1694701826393401,0.8256431557175441) (-0.68524588269998854,-1.679688234652436) (0.55391047972743734,0.51133738635667914)
 (6.1475821416918963,-2.5996547486486579) (-3.5998860006061708,1.6250474483381314) (-0.81864698751238929,-0.56472971503416158) (0.19159859599833245,0.95966404494956992)


# name: numtest
# type: scalar
2


# name: A3
# type: matrix
# rows: 2
# columns: 2
 0 1
 -5 -0.5


# name: B3
# type: matrix
# rows: 2
# columns: 2
 0 0
 -3 -0.29999999999999999


# name: S3
# type: matrix
# rows: 2
# columns: 2
 0 1
 -3.2623000000000002 0.1459


# name: numtest
# type: scalar
3


# name: A4
# type: matrix
# rows: 4
# columns: 4
 0.50305501632185623 0.65198709204107397 0.83675793130753495 0.056806007792751509
 0.3308657431675795 0.79159795227683205 0.36181688619092017 0.1662601813614823
 0.1723404237245057 0.75866477763049378 0.18258123871031212 0.017461954501830679
 0.36126778355110872 0.29152676079970657 0.79477992056865454 0.17636565524717468


# name: B4
# type: complex matrix
# rows: 4
# columns: 4
 (29.510694709944428,-49.806059228279004) (5.231467834203114,-10.00876105484322) (-12.607938239656033,19.990706968882037) (-24.963440570267583,42.087282344392115)
 (-7.4420924154796282,77.836807594519584) (-2.4232276796228618,5.4259738300026363) (3.3022419131217866,-23.794263625276649) (5.1552570132952482,-65.743528030750937)
 (-10.88285971783549,82.229493412674032) (-0.44599990531993861,8.32926930238553) (1.980847789067866,-27.438184131167915) (9.1351270372376909,-69.065829102608575)
 (11.499827945071409,6.013563202380011) (3.4216861139519059,-2.4509393348744526) (-6.5442169454320354,0.0738414977249926) (-9.5611138320717508,-4.7186119614278788)


# name: S4
# type: complex matrix
# rows: 4
# columns: 4
 (1.8597260054751359,-1.4595415886284588) (2.6045098607770161,1.1584390742367021) (-2.3685279279605438,-1.9292198801368636) (-0.87201816624740691,1.8495763189440182)
 (-2.847281576536377,0.64056280303970836) (2.4021317719852826,0.05765960830216435) (-0.27552810582551279,-1.0021168481385174) (2.3740509954048443,-0.2794196052127243)
 (-3.3250113612436478,0.36821751738688713) (1.7848466763701554,1.1240640096564132) (0.031565339446813223,-2.2330652371046593) (2.9066099375422341,0.14058666945894327)
 (-0.51102871651531412,-0.6436029235329801) (2.1704138299510287,1.0307282894434697) (-1.5624769399424425,-1.9060582585489703) (1.2106942585939666,1.1361655732679794)


# name: numtest
# type: scalar
4


# name: A5
# type: matrix
# rows: 2
# columns: 2
 1.2273656310000376 4.837668053366226
 -3.2791191304996508 9.2033269626206096


# name: B5
# type: diagonal matrix
# rows: 2
# columns: 2
1
1


# name: S5
# type: matrix
# rows: 2
# columns: 2
 1.2544508018129048 4.8114982334793881
 -3.2613804274538354 9.1872654211806797


# name: numtest
# type: scalar
5


# name: A6
# type: complex matrix
# rows: 2
# columns: 2
 (-0.095772669960826784,1.0210017595635754) (2.1683335118441587,2.0289352237889862)
 (-0.90872912593110122,1.3011674949401513) (4.2337525010519999,0.503264627254564)


# name: B6
# type: diagonal matrix
# rows: 2
# columns: 2
1
1


# name: S6
# type: matrix
# rows: 2
# columns: 2
 0 0
 0 0


# name: numtest
# type: scalar
6


